     0    -1224.000000    -1224.000000     -303.000000     1224.000000     1224.000000        3.000000      0
     1    -1224.000000    -1224.000000     -906.000000     1224.000000     1224.000000     -294.000000      1
     2    -1224.000000    -1224.000000    -1506.000000     1224.000000     1224.000000     -894.000000      2
     3    -1402.000000    -1402.000000     -303.000000    -1198.000000    -1198.000000        3.000000      3
     4    -1224.000000    -1402.000000     -303.000000     1224.000000    -1198.000000        3.000000      4
     5     1198.000000    -1402.000000     -303.000000     1402.000000    -1198.000000        3.000000      5
     6    -1402.000000    -1224.000000     -303.000000    -1198.000000     1224.000000        3.000000      6
     7     1198.000000    -1224.000000     -303.000000     1402.000000     1224.000000        3.000000      7
     8    -1402.000000     1198.000000     -303.000000    -1198.000000     1402.000000        3.000000      8
     9    -1224.000000     1198.000000     -303.000000     1224.000000     1402.000000        3.000000      9
    10     1198.000000     1198.000000     -303.000000     1402.000000     1402.000000        3.000000     10
    11    -1402.000000    -1402.000000     -906.000000    -1198.000000    -1198.000000     -294.000000     11
    12    -1224.000000    -1402.000000     -906.000000     1224.000000    -1198.000000     -294.000000     12
    13     1198.000000    -1402.000000     -906.000000     1402.000000    -1198.000000     -294.000000     13
    14    -1402.000000    -1224.000000     -906.000000    -1198.000000     1224.000000     -294.000000     14
    15     1198.000000    -1224.000000     -906.000000     1402.000000     1224.000000     -294.000000     15
    16    -1402.000000     1198.000000     -906.000000    -1198.000000     1402.000000     -294.000000     16
    17    -1224.000000     1198.000000     -906.000000     1224.000000     1402.000000     -294.000000     17
    18     1198.000000     1198.000000     -906.000000     1402.000000     1402.000000     -294.000000     18
    19    -1402.000000    -1402.000000    -1506.000000    -1198.000000    -1198.000000     -894.000000     19
    20    -1224.000000    -1402.000000    -1506.000000     1224.000000    -1198.000000     -894.000000     20
    21     1198.000000    -1402.000000    -1506.000000     1402.000000    -1198.000000     -894.000000     21
    22    -1402.000000    -1224.000000    -1506.000000    -1198.000000     1224.000000     -894.000000     22
    23     1198.000000    -1224.000000    -1506.000000     1402.000000     1224.000000     -894.000000     23
    24    -1402.000000     1198.000000    -1506.000000    -1198.000000     1402.000000     -894.000000     24
    25    -1224.000000     1198.000000    -1506.000000     1224.000000     1402.000000     -894.000000     25
    26     1198.000000     1198.000000    -1506.000000     1402.000000     1402.000000     -894.000000     26
    27    -1402.000000    -1402.000000    -1540.400000    -1198.000000    -1198.000000    -1499.600000     27
    28    -1224.000000    -1402.000000    -1540.400000     1224.000000    -1198.000000    -1499.600000     28
    29     1198.000000    -1402.000000    -1540.400000     1402.000000    -1198.000000    -1499.600000     29
    30    -1402.000000    -1224.000000    -1540.400000    -1198.000000     1224.000000    -1499.600000     30
    31    -1224.000000    -1224.000000    -1540.400000     1224.000000     1224.000000    -1499.600000     31
    32     1198.000000    -1224.000000    -1540.400000     1402.000000     1224.000000    -1499.600000     32
    33    -1402.000000     1198.000000    -1540.400000    -1198.000000     1402.000000    -1499.600000     33
    34    -1224.000000     1198.000000    -1540.400000     1224.000000     1402.000000    -1499.600000     34
    35     1198.000000     1198.000000    -1540.400000     1402.000000     1402.000000    -1499.600000     35
