 -17.50000  -17.50000    0.00000
 -17.50000  -14.00000    0.00000
 -17.50000  -10.50000    0.00000
 -17.50000   -7.00000    0.00000
 -17.50000   -3.50000    0.00000
 -17.50000    0.00000    0.00000
 -17.50000    3.50000    0.00000
 -17.50000    7.00000    0.00000
 -17.50000   10.50000    0.00000
 -17.50000   14.00000    0.00000
 -17.50000   17.50000    0.00000
 -14.00000  -17.50000    0.00000
 -14.00000  -14.00000    0.00000
 -14.00000  -10.50000    0.00000
 -14.00000   -7.00000    0.00000
 -14.00000   -3.50000    0.00000
 -14.00000    0.00000    0.00000
 -14.00000    3.50000    0.00000
 -14.00000    7.00000    0.00000
 -14.00000   10.50000    0.00000
 -14.00000   14.00000    0.00000
 -14.00000   17.50000    0.00000
 -10.50000  -17.50000    0.00000
 -10.50000  -14.00000    0.00000
 -10.50000  -10.50000    0.00000
 -10.50000   -7.00000    0.00000
 -10.50000   -3.50000    0.00000
 -10.50000    0.00000    0.00000
 -10.50000    3.50000    0.00000
 -10.50000    7.00000    0.00000
 -10.50000   10.50000    0.00000
 -10.50000   14.00000    0.00000
 -10.50000   17.50000    0.00000
  -7.00000  -17.50000    0.00000
  -7.00000  -14.00000    0.00000
  -7.00000  -10.50000    0.00000
  -7.00000   -7.00000    0.00000
  -7.00000   -3.50000    0.00000
  -7.00000    0.00000    0.00000
  -7.00000    3.50000    0.00000
  -7.00000    7.00000    0.00000
  -7.00000   10.50000    0.00000
  -7.00000   14.00000    0.00000
  -7.00000   17.50000    0.00000
  -3.50000  -17.50000    0.00000
  -3.50000  -14.00000    0.00000
  -3.50000  -10.50000    0.00000
  -3.50000   -7.00000    0.00000
  -3.50000   -3.50000    0.00000
  -3.50000    0.00000    0.00000
  -3.50000    3.50000    0.00000
  -3.50000    7.00000    0.00000
  -3.50000   10.50000    0.00000
  -3.50000   14.00000    0.00000
  -3.50000   17.50000    0.00000
   0.00000  -17.50000    0.00000
   0.00000  -14.00000    0.00000
   0.00000  -10.50000    0.00000
   0.00000   -7.00000    0.00000
   0.00000   -3.50000    0.00000
   0.00000    0.00000    0.00000
   0.00000    3.50000    0.00000
   0.00000    7.00000    0.00000
   0.00000   10.50000    0.00000
   0.00000   14.00000    0.00000
   0.00000   17.50000    0.00000
   3.50000  -17.50000    0.00000
   3.50000  -14.00000    0.00000
   3.50000  -10.50000    0.00000
   3.50000   -7.00000    0.00000
   3.50000   -3.50000    0.00000
   3.50000    0.00000    0.00000
   3.50000    3.50000    0.00000
   3.50000    7.00000    0.00000
   3.50000   10.50000    0.00000
   3.50000   14.00000    0.00000
   3.50000   17.50000    0.00000
   7.00000  -17.50000    0.00000
   7.00000  -14.00000    0.00000
   7.00000  -10.50000    0.00000
   7.00000   -7.00000    0.00000
   7.00000   -3.50000    0.00000
   7.00000    0.00000    0.00000
   7.00000    3.50000    0.00000
   7.00000    7.00000    0.00000
   7.00000   10.50000    0.00000
   7.00000   14.00000    0.00000
   7.00000   17.50000    0.00000
  10.50000  -17.50000    0.00000
  10.50000  -14.00000    0.00000
  10.50000  -10.50000    0.00000
  10.50000   -7.00000    0.00000
  10.50000   -3.50000    0.00000
  10.50000    0.00000    0.00000
  10.50000    3.50000    0.00000
  10.50000    7.00000    0.00000
  10.50000   10.50000    0.00000
  10.50000   14.00000    0.00000
  10.50000   17.50000    0.00000
  14.00000  -17.50000    0.00000
  14.00000  -14.00000    0.00000
  14.00000  -10.50000    0.00000
  14.00000   -7.00000    0.00000
  14.00000   -3.50000    0.00000
  14.00000    0.00000    0.00000
  14.00000    3.50000    0.00000
  14.00000    7.00000    0.00000
  14.00000   10.50000    0.00000
  14.00000   14.00000    0.00000
  14.00000   17.50000    0.00000
  17.50000  -17.50000    0.00000
  17.50000  -14.00000    0.00000
  17.50000  -10.50000    0.00000
  17.50000   -7.00000    0.00000
  17.50000   -3.50000    0.00000
  17.50000    0.00000    0.00000
  17.50000    3.50000    0.00000
  17.50000    7.00000    0.00000
  17.50000   10.50000    0.00000
  17.50000   14.00000    0.00000
  17.50000   17.50000    0.00000
